axis1 0 100 01
axis1 100 200 02
axis1 200 300 03
axis1 300 400 04
axis1 400 500 05
axis1 500 600 06
axis1 600 700 07
axis1 700 800 08
axis3 0 100 01
axis3 900 1000 10
axis3 1000 1100 11
axis3 1100 1200 12
axis3 1200 1300 13
axis3 1300 1400 14
axis3 1400 1500 15
axis3 1500 1600 16
axis3 1600 1700 17
axis3 1700 1800 18
axis3 1800 1900 19
axis3 100 200 02
axis3 1900 2000 20
axis3 200 300 03
axis3 300 400 04
axis3 400 500 05
axis3 500 600 06
axis3 600 700 07
axis3 700 800 08
axis3 800 900 09
axis2 0 100 01
axis4 0 100 01
axis4 900 1000 10
axis4 1000 1100 11
axis4 1100 1200 12
axis4 100 200 02
axis4 200 300 03
axis4 300 400 04
axis4 400 500 05
axis4 500 600 06
axis4 600 700 07
axis4 700 800 08
axis4 800 900 09
axis5 0 100 01
axis5 100 200 02
axis5 200 300 03
axis5 300 400 04
axis5 400 500 05
axis5 500 600 06
axis9 0 100 01
axis9 100 200 02
axis9 200 300 03
axis9 300 400 04
axis9 400 500 05
axis9 500 600 06
axis9 600 700 07
axis9 700 800 08
axis7 0 100 01
axis7 900 1000 10
axis7 1000 1100 11
axis7 1100 1200 12
axis7 1200 1300 13
axis7 1300 1400 14
axis7 1400 1500 15
axis7 1500 1600 16
axis7 1600 1700 17
axis7 1700 1800 18
axis7 1800 1900 19
axis7 100 200 02
axis7 1900 2000 20
axis7 200 300 03
axis7 300 400 04
axis7 400 500 05
axis7 500 600 06
axis7 600 700 07
axis7 700 800 08
axis7 800 900 09
axis8 0 100 01
axis8 900 1000 10
axis8 1000 1100 11
axis8 1100 1200 12
axis8 1200 1300 13
axis8 1300 1400 14
axis8 1400 1500 15
axis8 1500 1600 16
axis8 1600 1700 17
axis8 1700 1800 18
axis8 1800 1900 19
axis8 100 200 02
axis8 200 300 03
axis8 300 400 04
axis8 400 500 05
axis8 500 600 06
axis8 600 700 07
axis8 700 800 08
axis8 800 900 09
axis10 0 100 01
axis10 900 1000 10
axis10 1000 1100 11
axis10 1100 1200 12
axis10 1200 1300 13
axis10 100 200 02
axis10 200 300 03
axis10 300 400 04
axis10 400 500 05
axis10 500 600 06
axis10 600 700 07
axis10 700 800 08
axis10 800 900 09
axis11 0 100 01
axis11 100 200 02
axis11 200 300 03
axis11 300 400 04
axis11 400 500 05
axis11 500 600 06
axis6 0 100 01
axis6 900 1000 10
axis6 1000 1100 11
axis6 1100 1200 12
axis6 1200 1300 13
axis6 1300 1400 14
axis6 1400 1500 15
axis6 1500 1600 16
axis6 1600 1700 17
axis6 1700 1800 18
axis6 1800 1900 19
axis6 100 200 02
axis6 1900 2000 20
axis6 2000 2100 21
axis6 2100 2200 22
axis6 200 300 03
axis6 300 400 04
axis6 400 500 05
axis6 500 600 06
axis6 600 700 07
axis6 700 800 08
axis6 800 900 09
axis13 0 100 01
axis13 900 1000 10
axis13 1000 1100 11
axis13 100 200 02
axis13 200 300 03
axis13 300 400 04
axis13 400 500 05
axis13 500 600 06
axis13 600 700 07
axis13 700 800 08
axis13 800 900 09
axis14 0 100 01
axis14 900 1000 10
axis14 1000 1100 11
axis14 100 200 02
axis14 200 300 03
axis14 300 400 04
axis14 400 500 05
axis14 500 600 06
axis14 600 700 07
axis14 700 800 08
axis14 800 900 09
axis12 0 100 01
axis12 900 1000 10
axis12 1000 1100 11
axis12 1100 1200 12
axis12 100 200 02
axis12 200 300 03
axis12 300 400 04
axis12 400 500 05
axis12 500 600 06
axis12 600 700 07
axis12 700 800 08
axis12 800 900 09
