axis1 0 100 1
axis1 100 200 0
axis1 200 300 1
axis1 300 400 1
axis1 400 500 1
axis1 500 600 1
axis1 600 700 1
axis1 700 800 1
axis3 0 100 1
axis3 900 1000 0
axis3 1000 1100 2
axis3 1100 1200 1
axis3 1200 1300 1
axis3 1300 1400 1
axis3 1400 1500 1
axis3 1500 1600 1
axis3 1600 1700 1
axis3 1700 1800 1
axis3 1800 1900 1
axis3 100 200 3
axis3 1900 2000 1
axis3 200 300 1
axis3 300 400 1
axis3 400 500 1
axis3 500 600 1
axis3 600 700 1
axis3 700 800 0
axis3 800 900 0
axis2 0 100 1
axis4 0 100 2
axis4 900 1000 1
axis4 1000 1100 1
axis4 1100 1200 1
axis4 100 200 0
axis4 200 300 0
axis4 300 400 1
axis4 400 500 1
axis4 500 600 3
axis4 600 700 1
axis4 700 800 1
axis4 800 900 1
axis5 0 100 3
axis5 100 200 0
axis5 200 300 0
axis5 300 400 3
axis5 400 500 0
axis5 500 600 1
axis9 0 100 7
axis9 100 200 2
axis9 200 300 2
axis9 300 400 1
axis9 400 500 7
axis9 500 600 2
axis9 600 700 3
axis9 700 800 2
axis7 0 100 1
axis7 900 1000 4
axis7 1000 1100 2
axis7 1100 1200 2
axis7 1200 1300 2
axis7 1300 1400 1
axis7 1400 1500 1
axis7 1500 1600 1
axis7 1600 1700 6
axis7 1700 1800 4
axis7 1800 1900 2
axis7 100 200 1
axis7 1900 2000 9
axis7 200 300 6
axis7 300 400 2
axis7 400 500 7
axis7 500 600 1
axis7 600 700 8
axis7 700 800 2
axis7 800 900 4
axis8 0 100 4
axis8 900 1000 1
axis8 1000 1100 1
axis8 1100 1200 1
axis8 1200 1300 1
axis8 1300 1400 2
axis8 1400 1500 1
axis8 1500 1600 1
axis8 1600 1700 2
axis8 1700 1800 1
axis8 1800 1900 1
axis8 100 200 8
axis8 200 300 1
axis8 300 400 2
axis8 400 500 1
axis8 500 600 3
axis8 600 700 1
axis8 700 800 6
axis8 800 900 8
axis10 0 100 8
axis10 900 1000 2
axis10 1000 1100 1
axis10 1100 1200 2
axis10 1200 1300 1
axis10 100 200 1
axis10 200 300 2
axis10 300 400 2
axis10 400 500 7
axis10 500 600 1
axis10 600 700 1
axis10 700 800 1
axis10 800 900 1
axis11 0 100 1
axis11 100 200 1
axis11 200 300 5
axis11 300 400 2
axis11 400 500 2
axis11 500 600 3
axis6 0 100 4
axis6 900 1000 2
axis6 1000 1100 1
axis6 1100 1200 2
axis6 1200 1300 3
axis6 1300 1400 1
axis6 1400 1500 4
axis6 1500 1600 2
axis6 1600 1700 1
axis6 1700 1800 1
axis6 1800 1900 1
axis6 100 200 2
axis6 1900 2000 1
axis6 2000 2100 1
axis6 2100 2200 1
axis6 200 300 2
axis6 300 400 0
axis6 400 500 1
axis6 500 600 3
axis6 600 700 1
axis6 700 800 0
axis6 800 900 2
axis13 0 100 5
axis13 900 1000 8
axis13 1000 1100 4
axis13 100 200 4
axis13 200 300 4
axis13 300 400 0
axis13 400 500 4
axis13 500 600 8
axis13 600 700 1
axis13 700 800 1
axis13 800 900 4
axis14 0 100 1
axis14 900 1000 1
axis14 1000 1100 1
axis14 100 200 1
axis14 200 300 2
axis14 300 400 3
axis14 400 500 1
axis14 500 600 1
axis14 600 700 1
axis14 700 800 1
axis14 800 900 1
axis12 0 100 2
axis12 900 1000 2
axis12 1000 1100 1
axis12 1100 1200 1
axis12 100 200 0
axis12 200 300 1
axis12 300 400 1
axis12 400 500 1
axis12 500 600 1
axis12 600 700 3
axis12 700 800 1
axis12 800 900 1
